2576 1676
378 1048
198 1810
19 674
161 906
252 1240
1251 1832
929 1766
1621 1830
1393 1368
1286 525
1247 1945
123 862
928 1700
984 965
611 1384
1424 1728
241 341
457 334
938 955
2573 1969
2588 302
3893 102
2290 1810
3911 1673
2945 1622
1234 1946
890 1846
53 857
22 987
463 1670
872 1559
2586 1286
3955 1743
3373 1646
3822 899
2573 599
776 392
1256 61
1625 1651
742 1025
2991 792
2597 1830
2139 1806
2721 1482
2097 981
2421 1007
1178 100
178 24
1429 134
1807 1711
3022 474
3416 143
1323 280
2628 1479
2599 901
3479 821
1795 962
3520 1079
1115 1052
2936 337
3875 598
2728 1698
3683 1533
3854 923
2574 946
2863 558
1724 1642
2848 96
1380 939
376 825
274 1420
953 268
839 620
1187 706
2678 1825
3384 1498
3510 1671
3113 885
3756 882
2542 236
611 673
738 1325
327 265
3888 666
3640 43
2482 1183
3913 192
1787 1009
3815 169
2961 1605
3085 1528
2178 1619
3874 1318
3950 1558
3447 1830
2716 1432
2519 135
1917 687
298 1513
